object Form1: TForm1
  Left = 0
  Top = 0
  Caption = 'Helper'
  ClientHeight = 521
  ClientWidth = 303
  Fill.Kind = Solid
  FormFactor.Width = 320
  FormFactor.Height = 480
  FormFactor.Devices = [Desktop]
  DesignerMasterStyle = 0
  object Button1: TButton
    Align = Top
    StyledSettings = [Family, FontColor]
    Margins.Left = 20.000000000000000000
    Margins.Top = 20.000000000000000000
    Margins.Right = 20.000000000000000000
    Position.X = 20.000000000000000000
    Position.Y = 170.000000000000000000
    Size.Width = 263.000000000000000000
    Size.Height = 49.000000000000000000
    Size.PlatformDefault = False
    TabOrder = 0
    Text = 'Enviar'
    TextSettings.Font.Size = 16.000000000000000000
    TextSettings.Font.StyleExt = {00060000000000000004000000}
    OnClick = Button1Click
  end
  object Edit1: TEdit
    Touch.InteractiveGestures = [LongTap, DoubleTap]
    Align = Top
    TabOrder = 2
    TextSettings.Font.Size = 20.000000000000000000
    TextSettings.Font.StyleExt = {00060000000000000004000000}
    Position.X = 20.000000000000000000
    Position.Y = 20.000000000000000000
    Margins.Left = 20.000000000000000000
    Margins.Top = 20.000000000000000000
    Margins.Right = 20.000000000000000000
    Size.Width = 263.000000000000000000
    Size.Height = 55.000000000000000000
    Size.PlatformDefault = False
    StyledSettings = [Family, FontColor]
  end
  object Edit2: TEdit
    Touch.InteractiveGestures = [LongTap, DoubleTap]
    Align = Top
    TabOrder = 1
    TextSettings.Font.Size = 20.000000000000000000
    TextSettings.Font.StyleExt = {00060000000000000004000000}
    Position.X = 20.000000000000000000
    Position.Y = 95.000000000000000000
    Margins.Left = 20.000000000000000000
    Margins.Top = 20.000000000000000000
    Margins.Right = 20.000000000000000000
    Size.Width = 263.000000000000000000
    Size.Height = 55.000000000000000000
    Size.PlatformDefault = False
    StyledSettings = [Family, FontColor]
  end
end
